0.0 2.5 -0.25 1.0 0.0 0.0 0.0
0.0 2.5 -0.25 0.9961947202682495 0.0 -0.08715573698282242 0.0
0.0 2.5 -0.25 0.9848077893257141 0.0 -0.1736481636762619 0.0
0.0 2.5 -0.25 0.9659258723258972 0.0 -0.258819043636322 0.0
0.0 2.5 -0.25 0.9396926760673523 0.0 -0.3420201539993286 0.0
0.0 2.5 -0.25 0.9063078761100769 0.0 -0.4226182699203491 0.0
0.0 2.5 -0.25 0.8660253882408142 0.0 -0.4999999403953552 0.0
0.0 2.5 -0.25 0.8191521167755127 0.0 -0.5735764503479004 0.0
0.0 2.5 -0.25 0.7660444378852844 0.0 -0.6427875757217407 0.0
0.0 2.5 -0.25 0.7071068286895752 0.0 -0.7071068286895752 0.0
0.2500000298023224 2.5 -0.2499999701976776 0.7071068286895752 0.0 -0.7071068286895752 0.0
0.5000000596046448 2.5 -0.24999994039535522 0.7071068286895752 0.0 -0.7071068286895752 0.0
0.5000000596046448 2.5 -0.24999994039535522 0.6427876353263855 0.0 -0.7660443782806396 0.0
0.7462019920349121 2.5 -0.20658794045448303 0.6427876353263855 0.0 -0.7660443782806396 0.0
0.9924039244651794 2.5 -0.16317594051361084 0.6427876353263855 0.0 -0.7660443782806396 0.0
1.2386058568954468 2.5 -0.11976394057273865 0.6427876353263855 0.0 -0.7660443782806396 0.0
1.4848077297210693 2.5 -0.07635194063186646 0.6427876353263855 0.0 -0.7660443782806396 0.0
1.7310097217559814 2.5 -0.03293994069099426 0.6427876353263855 0.0 -0.7660443782806396 0.0
1.9772117137908936 2.5 0.01047205924987793 0.6427876353263855 0.0 -0.7660443782806396 0.0
1.9772117137908936 2.5 0.01047205924987793 0.7071068286895752 0.0 -0.7071067094802856 0.0
1.9772117137908936 2.5 0.01047205924987793 0.7660444974899292 0.0 -0.6427875757217407 0.0
1.9772117137908936 2.5 0.01047205924987793 0.8191521167755127 0.0 -0.5735763907432556 0.0
1.9772117137908936 2.5 0.01047205924987793 0.8660253882408142 0.0 -0.4999999403953552 0.0
1.9772117137908936 2.5 0.01047205924987793 0.9063078165054321 0.0 -0.42261824011802673 0.0
1.9772117137908936 2.5 0.01047205924987793 0.9396926760673523 0.0 -0.3420201539993286 0.0
1.9772117137908936 2.5 0.01047205924987793 0.9659258723258972 0.0 -0.258819043636322 0.0
1.9772117137908936 2.5 0.01047205924987793 0.9848077893257141 0.0 -0.1736481785774231 0.0
1.9772117137908936 2.5 0.01047205924987793 0.9961947798728943 0.0 -0.08715575188398361 0.0
1.9772117137908936 2.5 0.01047205924987793 1.0 0.0 -7.4505797087454084e-09 0.0
1.9772117137908936 2.5 -0.23952794075012207 1.0 0.0 -7.4505797087454084e-09 0.0
1.9772117137908936 2.5 -0.23952794075012207 0.9961947202682495 0.0 0.08715572953224182 0.0
1.9337996244430542 2.5 -0.4857298731803894 0.9961947202682495 0.0 0.08715572953224182 0.0
1.9337996244430542 2.5 -0.4857298731803894 0.9848077893257141 0.0 0.1736481487751007 0.0
1.9337996244430542 2.5 -0.4857298731803894 0.9659258723258972 0.0 0.25881901383399963 0.0
1.9337996244430542 2.5 -0.4857298731803894 0.9396926760673523 0.0 0.3420201241970062 0.0
1.9337996244430542 2.5 -0.4857298731803894 0.9063078761100769 0.0 0.4226182699203491 0.0
1.9337996244430542 2.5 -0.4857298731803894 0.8660253882408142 0.0 0.4999999403953552 0.0
1.9337996244430542 2.5 -0.4857298731803894 0.8191521167755127 0.0 0.5735764503479004 0.0
1.9337996244430542 2.5 -0.4857298731803894 0.7660444378852844 0.0 0.6427875757217407 0.0
1.6875977516174316 2.5 -0.529141902923584 0.7660444378852844 0.0 0.6427875757217407 0.0
1.6875977516174316 2.5 -0.529141902923584 0.7071068286895752 0.0 0.7071068286895752 0.0
1.4375977516174316 2.5 -0.529141902923584 0.7071068286895752 0.0 0.7071068286895752 0.0
1.4375977516174316 2.5 -0.529141902923584 0.6427876353263855 0.0 0.7660443782806396 0.0
1.4375977516174316 2.5 -0.529141902923584 0.5735764503479004 0.0 0.8191519975662231 0.0
1.4375977516174316 2.5 -0.529141902923584 0.5000000596046448 0.0 0.8660253882408142 0.0
1.4375977516174316 2.5 -0.529141902923584 0.4226183295249939 0.0 0.9063077569007874 0.0
1.246086597442627 2.5 -0.3684450387954712 0.4226183295249939 0.0 0.9063077569007874 0.0
1.0545754432678223 2.5 -0.2077481746673584 0.4226183295249939 0.0 0.9063077569007874 0.0
1.0545754432678223 2.5 -0.2077481746673584 0.3420202136039734 0.0 0.9396926164627075 0.0
0.8938785195350647 2.5 -0.016237080097198486 0.3420202136039734 0.0 0.9396926164627075 0.0
0.7331815958023071 2.5 0.17527401447296143 0.3420202136039734 0.0 0.9396926164627075 0.0
0.7331815958023071 2.5 0.17527401447296143 0.2588191032409668 0.0 0.9659258127212524 0.0
0.7331815958023071 2.5 0.17527401447296143 0.17364826798439026 0.0 0.9848077893257141 0.0
0.7331815958023071 2.5 0.17527401447296143 0.08715583384037018 0.0 0.9961946606636047 0.0
0.7331815958023071 2.5 0.17527401447296143 9.685754776000977e-08 0.0 1.0 0.0
0.7331815958023071 2.5 0.17527401447296143 -0.08715564012527466 0.0 0.9961947202682495 0.0
0.7331815958023071 2.5 0.17527401447296143 -0.17364805936813354 0.0 0.9848077893257141 0.0
0.7331815958023071 2.5 0.17527401447296143 -0.25881892442703247 0.0 0.9659258723258972 0.0
0.8581815361976624 2.5 0.39178040623664856 -0.25881892442703247 0.0 0.9659258723258972 0.0
0.9831814765930176 2.5 0.6082867980003357 -0.25881892442703247 0.0 0.9659258723258972 0.0
0.9831814765930176 2.5 0.6082867980003357 -0.17364805936813354 0.0 0.9848077893257141 0.0
1.0686864852905273 2.5 0.843209981918335 -0.17364805936813354 0.0 0.9848077893257141 0.0
1.154191493988037 2.5 1.0781331062316895 -0.17364805936813354 0.0 0.9848077893257141 0.0
1.2396965026855469 2.5 1.313056230545044 -0.17364805936813354 0.0 0.9848077893257141 0.0
1.3252015113830566 2.5 1.5479793548583984 -0.17364805936813354 0.0 0.9848077893257141 0.0
1.4107065200805664 2.5 1.782902479171753 -0.17364805936813354 0.0 0.9848077893257141 0.0
1.4107065200805664 2.5 1.782902479171753 -0.25881892442703247 0.0 0.9659258723258972 0.0
1.4107065200805664 2.5 1.782902479171753 -0.34202003479003906 0.0 0.9396926760673523 0.0
1.4107065200805664 2.5 1.782902479171753 -0.42261818051338196 0.0 0.9063078761100769 0.0
1.602217674255371 2.5 1.9435994625091553 -0.42261818051338196 0.0 0.9063078761100769 0.0
1.602217674255371 2.5 1.9435994625091553 -0.49999991059303284 0.0 0.8660255074501038 0.0
1.602217674255371 2.5 1.9435994625091553 -0.5735763311386108 0.0 0.8191521763801575 0.0
1.602217674255371 2.5 1.9435994625091553 -0.642787516117096 0.0 0.7660446166992188 0.0
1.602217674255371 2.5 1.9435994625091553 -0.7071067094802856 0.0 0.7071069478988647 0.0
1.852217674255371 2.5 1.9435995817184448 -0.7071067094802856 0.0 0.7071069478988647 0.0
1.852217674255371 2.5 1.9435995817184448 -0.642787516117096 0.0 0.7660444974899292 0.0
1.852217674255371 2.5 1.9435995817184448 -0.5735763311386108 0.0 0.8191521167755127 0.0
1.852217674255371 2.5 1.9435995817184448 -0.4999999403953552 0.0 0.8660255074501038 0.0
1.852217674255371 2.5 1.9435995817184448 -0.42261821031570435 0.0 0.9063078761100769 0.0
1.852217674255371 2.5 1.9435995817184448 -0.34202009439468384 0.0 0.9396926760673523 0.0
1.852217674255371 2.5 1.9435995817184448 -0.25881901383399963 0.0 0.9659258723258972 0.0
1.852217674255371 2.5 1.9435995817184448 -0.1736481487751007 0.0 0.9848077893257141 0.0
1.852217674255371 2.5 1.9435995817184448 -0.08715572208166122 0.0 0.9961947798728943 0.0
1.852217674255371 2.5 1.9435995817184448 2.2351740014414645e-08 0.0 1.0 0.0
1.852217674255371 2.5 2.1935997009277344 2.2351740014414645e-08 0.0 1.0 0.0
1.852217674255371 2.5 2.1935997009277344 0.08715575933456421 0.0 0.9961947202682495 0.0
1.852217674255371 2.5 2.1935997009277344 0.1736481785774231 0.0 0.9848077893257141 0.0
1.852217674255371 2.5 2.1935997009277344 0.258819043636322 0.0 0.9659258723258972 0.0
1.852217674255371 2.5 2.1935997009277344 0.3420201539993286 0.0 0.9396926760673523 0.0
1.852217674255371 2.5 2.1935997009277344 0.4226182699203491 0.0 0.9063078761100769 0.0
1.6607065200805664 2.5 2.3542966842651367 0.4226182699203491 0.0 0.9063078761100769 0.0
1.4691953659057617 2.5 2.514993667602539 0.4226182699203491 0.0 0.9063078761100769 0.0
1.4691953659057617 2.5 2.514993667602539 0.3420201539993286 0.0 0.9396926760673523 0.0
1.3084983825683594 2.5 2.7065048217773438 0.3420201539993286 0.0 0.9396926760673523 0.0
1.3084983825683594 2.5 2.7065048217773438 0.258819043636322 0.0 0.9659258723258972 0.0
1.1834983825683594 2.5 2.923011302947998 0.258819043636322 0.0 0.9659258723258972 0.0
1.1834983825683594 2.5 2.923011302947998 0.1736481785774231 0.0 0.9848077893257141 0.0
1.0979933738708496 2.5 3.1579344272613525 0.1736481785774231 0.0 0.9848077893257141 0.0
1.0979933738708496 2.5 3.1579344272613525 0.08715575188398361 0.0 0.9961947798728943 0.0
1.0979933738708496 2.5 3.1579344272613525 7.4505797087454084e-09 0.0 1.0 0.0
1.0979933738708496 2.5 3.1579344272613525 -0.08715572953224182 0.0 0.9961947202682495 0.0
1.141405463218689 2.5 3.4041364192962646 -0.08715572953224182 0.0 0.9961947202682495 0.0
1.1848175525665283 2.5 3.6503384113311768 -0.08715572953224182 0.0 0.9961947202682495 0.0
1.2282296419143677 2.5 3.896540403366089 -0.08715572953224182 0.0 0.9961947202682495 0.0
1.2282296419143677 2.5 3.896540403366089 -0.1736481487751007 0.0 0.9848077893257141 0.0
1.2282296419143677 2.5 3.896540403366089 -0.25881901383399963 0.0 0.9659258723258972 0.0
1.2282296419143677 2.5 3.896540403366089 -0.3420201241970062 0.0 0.9396926760673523 0.0
1.2282296419143677 2.5 3.896540403366089 -0.4226182699203491 0.0 0.9063078761100769 0.0
1.2282296419143677 2.5 3.896540403366089 -0.4999999403953552 0.0 0.8660253882408142 0.0
1.4447360038757324 2.5 4.021540641784668 -0.4999999403953552 0.0 0.8660253882408142 0.0
1.4447360038757324 2.5 4.021540641784668 -0.5735764503479004 0.0 0.8191521167755127 0.0
1.4447360038757324 2.5 4.021540641784668 -0.6427875757217407 0.0 0.7660444378852844 0.0
1.4447360038757324 2.5 4.021540641784668 -0.7071068286895752 0.0 0.7071068286895752 0.0
1.6947360038757324 2.5 4.021540641784668 -0.7071068286895752 0.0 0.7071068286895752 0.0
1.9447360038757324 2.5 4.021540641784668 -0.7071068286895752 0.0 0.7071068286895752 0.0
1.9447360038757324 2.5 4.021540641784668 -0.7660443782806396 0.0 0.6427876353263855 0.0
2.1909379959106445 2.5 3.978128671646118 -0.7660443782806396 0.0 0.6427876353263855 0.0
2.1909379959106445 2.5 3.978128671646118 -0.7071067094802856 0.0 0.7071068286895752 0.0
2.1909379959106445 2.5 3.978128671646118 -0.6427875757217407 0.0 0.7660444974899292 0.0
2.1909379959106445 2.5 3.978128671646118 -0.5735763907432556 0.0 0.8191521167755127 0.0
2.1909379959106445 2.5 3.978128671646118 -0.4999999403953552 0.0 0.8660253882408142 0.0
2.1909379959106445 2.5 3.978128671646118 -0.42261824011802673 0.0 0.9063078165054321 0.0
2.1909379959106445 2.5 3.978128671646118 -0.3420201539993286 0.0 0.9396926760673523 0.0
2.1909379959106445 2.5 3.978128671646118 -0.258819043636322 0.0 0.9659258723258972 0.0
2.1909379959106445 2.5 3.978128671646118 -0.1736481785774231 0.0 0.9848077893257141 0.0
2.1909379959106445 2.5 3.978128671646118 -0.08715575188398361 0.0 0.9961947798728943 0.0
2.1909379959106445 2.5 3.978128671646118 -7.4505797087454084e-09 0.0 1.0 0.0
2.1909379959106445 2.5 3.978128671646118 0.08715572953224182 0.0 0.9961947202682495 0.0
2.1909379959106445 2.5 3.978128671646118 0.1736481487751007 0.0 0.9848077893257141 0.0
2.1054329872131348 2.5 4.213051795959473 0.1736481487751007 0.0 0.9848077893257141 0.0
2.1054329872131348 2.5 4.213051795959473 0.25881901383399963 0.0 0.9659258723258972 0.0
2.1054329872131348 2.5 4.213051795959473 0.3420201241970062 0.0 0.9396926760673523 0.0
1.944736123085022 2.5 4.404562950134277 0.3420201241970062 0.0 0.9396926760673523 0.0
1.7840392589569092 2.5 4.596074104309082 0.3420201241970062 0.0 0.9396926760673523 0.0
1.6233423948287964 2.5 4.787585258483887 0.3420201241970062 0.0 0.9396926760673523 0.0
1.6233423948287964 2.5 4.787585258483887 0.4226182699203491 0.0 0.9063078761100769 0.0
1.4318312406539917 2.5 4.948282241821289 0.4226182699203491 0.0 0.9063078761100769 0.0
1.4318312406539917 2.5 4.948282241821289 0.4999999403953552 0.0 0.8660253882408142 0.0
1.215324878692627 2.5 5.073282241821289 0.4999999403953552 0.0 0.8660253882408142 0.0
0.998818576335907 2.5 5.198282241821289 0.4999999403953552 0.0 0.8660253882408142 0.0
0.998818576335907 2.5 5.198282241821289 0.5735764503479004 0.0 0.8191521167755127 0.0
0.7638953924179077 2.5 5.283787250518799 0.5735764503479004 0.0 0.8191521167755127 0.0
0.5289722084999084 2.5 5.369292259216309 0.5735764503479004 0.0 0.8191521167755127 0.0
0.5289722084999084 2.5 5.369292259216309 0.6427875757217407 0.0 0.7660444378852844 0.0
0.2827702760696411 2.5 5.4127044677734375 0.6427875757217407 0.0 0.7660444378852844 0.0
0.2827702760696411 2.5 5.4127044677734375 0.7071068286895752 0.0 0.7071068286895752 0.0
0.2827702760696411 2.5 5.4127044677734375 0.7660443782806396 0.0 0.6427876353263855 0.0
0.2827702760696411 2.5 5.4127044677734375 0.8191519975662231 0.0 0.5735764503479004 0.0
0.2827702760696411 2.5 5.4127044677734375 0.8660253882408142 0.0 0.5000000596046448 0.0
0.2827702760696411 2.5 5.4127044677734375 0.9063077569007874 0.0 0.4226183295249939 0.0
0.09125913679599762 2.5 5.252007484436035 0.9063077569007874 0.0 0.4226183295249939 0.0
0.09125913679599762 2.5 5.252007484436035 0.9396926164627075 0.0 0.3420202136039734 0.0
0.09125913679599762 2.5 5.252007484436035 0.9659258127212524 0.0 0.2588191032409668 0.0
0.09125913679599762 2.5 5.252007484436035 0.9848077893257141 0.0 0.17364826798439026 0.0
0.005754053592681885 2.5 5.017084121704102 0.9848077893257141 0.0 0.17364826798439026 0.0
-0.07975102961063385 2.5 4.782160758972168 0.9848077893257141 0.0 0.17364826798439026 0.0
-0.16525611281394958 2.5 4.547237396240234 0.9848077893257141 0.0 0.17364826798439026 0.0
-0.16525611281394958 2.5 4.547237396240234 0.9961946606636047 0.0 0.08715583384037018 0.0
-0.20866820216178894 2.5 4.301035404205322 0.9961946606636047 0.0 0.08715583384037018 0.0
-0.2520802915096283 2.5 4.05483341217041 0.9961946606636047 0.0 0.08715583384037018 0.0
-0.29549238085746765 2.5 3.808631420135498 0.9961946606636047 0.0 0.08715583384037018 0.0
-0.29549238085746765 2.5 3.808631420135498 0.9848077297210693 0.0 0.17364826798439026 0.0
-0.29549238085746765 2.5 3.808631420135498 0.9659258127212524 0.0 0.2588191330432892 0.0
-0.29549238085746765 2.5 3.808631420135498 0.9396926164627075 0.0 0.3420202136039734 0.0
-0.29549238085746765 2.5 3.808631420135498 0.9063078165054321 0.0 0.4226183295249939 0.0
-0.29549238085746765 2.5 3.808631420135498 0.866025447845459 0.0 0.5000000596046448 0.0
-0.29549238085746765 2.5 3.808631420135498 0.8191519975662231 0.0 0.5735764503479004 0.0
-0.29549238085746765 2.5 3.808631420135498 0.7660444378852844 0.0 0.6427876353263855 0.0
-0.29549238085746765 2.5 3.808631420135498 0.7071067690849304 0.0 0.7071068286895752 0.0
-0.54549241065979 2.5 3.808631420135498 0.7071067690849304 0.0 0.7071068286895752 0.0
-0.54549241065979 2.5 3.808631420135498 0.6427876353263855 0.0 0.7660444974899292 0.0
-0.54549241065979 2.5 3.808631420135498 0.5735764503479004 0.0 0.8191521167755127 0.0
-0.54549241065979 2.5 3.808631420135498 0.5 0.0 0.8660253882408142 0.0
-0.7619987726211548 2.5 3.933631420135498 0.5 0.0 0.8660253882408142 0.0
-0.7619987726211548 2.5 3.933631420135498 0.4226182997226715 0.0 0.9063078165054321 0.0
-0.7619987726211548 2.5 3.933631420135498 0.342020183801651 0.0 0.9396926164627075 0.0
-0.9226956963539124 2.5 4.125142574310303 0.342020183801651 0.0 0.9396926164627075 0.0
-0.9226956963539124 2.5 4.125142574310303 0.2588190734386444 0.0 0.9659258127212524 0.0
-0.9226956963539124 2.5 4.125142574310303 0.17364823818206787 0.0 0.9848077893257141 0.0
-0.9226956963539124 2.5 4.125142574310303 0.08715580403804779 0.0 0.9961946606636047 0.0
-0.9661077857017517 2.5 4.371344566345215 0.08715580403804779 0.0 0.9961946606636047 0.0
-0.9661077857017517 2.5 4.371344566345215 6.705522537231445e-08 0.0 1.0 0.0
-0.9661077857017517 2.5 4.371344566345215 -0.08715566992759705 0.0 0.9961947202682495 0.0
-0.9226957559585571 2.5 4.617546558380127 -0.08715566992759705 0.0 0.9961947202682495 0.0
-0.9226957559585571 2.5 4.617546558380127 -0.17364808917045593 0.0 0.9848077893257141 0.0
-0.8371907472610474 2.5 4.8524699211120605 -0.17364808917045593 0.0 0.9848077893257141 0.0
-0.8371907472610474 2.5 4.8524699211120605 -0.25881895422935486 0.0 0.9659258723258972 0.0
-0.8371907472610474 2.5 4.8524699211120605 -0.34202006459236145 0.0 0.9396926760673523 0.0
-0.6764938831329346 2.5 5.043981075286865 -0.34202006459236145 0.0 0.9396926760673523 0.0
-0.5157970190048218 2.5 5.23549222946167 -0.34202006459236145 0.0 0.9396926760673523 0.0
-0.5157970190048218 2.5 5.23549222946167 -0.42261821031570435 0.0 0.9063078761100769 0.0
-0.5157970190048218 2.5 5.23549222946167 -0.4999999403953552 0.0 0.8660255074501038 0.0
-0.29929065704345703 2.5 5.36049222946167 -0.4999999403953552 0.0 0.8660255074501038 0.0
-0.08278430998325348 2.5 5.48549222946167 -0.4999999403953552 0.0 0.8660255074501038 0.0
-0.08278430998325348 2.5 5.48549222946167 -0.5735763311386108 0.0 0.8191520571708679 0.0
-0.08278430998325348 2.5 5.48549222946167 -0.642787516117096 0.0 0.7660444974899292 0.0
0.16341760754585266 2.5 5.528904438018799 -0.642787516117096 0.0 0.7660444974899292 0.0
0.4096195101737976 2.5 5.572316646575928 -0.642787516117096 0.0 0.7660444974899292 0.0
0.6558214426040649 2.5 5.615728855133057 -0.642787516117096 0.0 0.7660444974899292 0.0
0.9020233750343323 2.5 5.6591410636901855 -0.642787516117096 0.0 0.7660444974899292 0.0
0.9020233750343323 2.5 5.6591410636901855 -0.5735763311386108 0.0 0.8191521167755127 0.0
0.9020233750343323 2.5 5.6591410636901855 -0.4999999403953552 0.0 0.8660255074501038 0.0
1.1185296773910522 2.5 5.7841410636901855 -0.4999999403953552 0.0 0.8660255074501038 0.0
1.335036039352417 2.5 5.9091410636901855 -0.4999999403953552 0.0 0.8660255074501038 0.0
1.335036039352417 2.5 5.9091410636901855 -0.42261821031570435 0.0 0.9063078761100769 0.0
1.335036039352417 2.5 5.9091410636901855 -0.34202009439468384 0.0 0.9396926760673523 0.0
1.4957329034805298 2.5 6.10065221786499 -0.34202009439468384 0.0 0.9396926760673523 0.0
1.6564297676086426 2.5 6.292163372039795 -0.34202009439468384 0.0 0.9396926760673523 0.0
1.6564297676086426 2.5 6.292163372039795 -0.25881901383399963 0.0 0.9659258723258972 0.0
1.6564297676086426 2.5 6.292163372039795 -0.1736481487751007 0.0 0.9848077893257141 0.0
1.6564297676086426 2.5 6.292163372039795 -0.08715572208166122 0.0 0.9961947798728943 0.0
1.6564297676086426 2.5 6.292163372039795 2.2351740014414645e-08 0.0 1.0 0.0
1.6564297676086426 2.5 6.292163372039795 0.08715575933456421 0.0 0.9961947202682495 0.0
1.6130176782608032 2.5 6.538365364074707 0.08715575933456421 0.0 0.9961947202682495 0.0
1.6130176782608032 2.5 6.538365364074707 0.1736481785774231 0.0 0.9848077893257141 0.0
1.6130176782608032 2.5 6.538365364074707 0.258819043636322 0.0 0.9659258723258972 0.0
1.6130176782608032 2.5 6.538365364074707 0.3420201539993286 0.0 0.9396926760673523 0.0
1.6130176782608032 2.5 6.538365364074707 0.4226182699203491 0.0 0.9063078761100769 0.0
1.6130176782608032 2.5 6.538365364074707 0.4999999403953552 0.0 0.8660253882408142 0.0
1.3965113162994385 2.5 6.663365364074707 0.4999999403953552 0.0 0.8660253882408142 0.0
1.1800049543380737 2.5 6.788365364074707 0.4999999403953552 0.0 0.8660253882408142 0.0
1.1800049543380737 2.5 6.788365364074707 0.5735764503479004 0.0 0.8191521167755127 0.0
1.1800049543380737 2.5 6.788365364074707 0.6427875757217407 0.0 0.7660444378852844 0.0
1.1800049543380737 2.5 6.788365364074707 0.7071068286895752 0.0 0.7071068286895752 0.0
0.9300049543380737 2.5 6.788365364074707 0.7071068286895752 0.0 0.7071068286895752 0.0
0.9300049543380737 2.5 6.788365364074707 0.6427876353263855 0.0 0.7660443782806396 0.0
0.9300049543380737 2.5 6.788365364074707 0.5735764503479004 0.0 0.8191519975662231 0.0
0.6950818300247192 2.5 6.873870372772217 0.5735764503479004 0.0 0.8191519975662231 0.0
0.6950818300247192 2.5 6.873870372772217 0.5000000596046448 0.0 0.8660253882408142 0.0
0.4785754680633545 2.5 6.998870372772217 0.5000000596046448 0.0 0.8660253882408142 0.0
0.4785754680633545 2.5 6.998870372772217 0.4226183295249939 0.0 0.9063077569007874 0.0
0.2870643138885498 2.5 7.159567356109619 0.4226183295249939 0.0 0.9063077569007874 0.0
0.2870643138885498 2.5 7.159567356109619 0.3420202136039734 0.0 0.9396926164627075 0.0
0.2870643138885498 2.5 7.159567356109619 0.2588191032409668 0.0 0.9659258127212524 0.0
0.2870643138885498 2.5 7.159567356109619 0.17364826798439026 0.0 0.9848077893257141 0.0
0.2870643138885498 2.5 7.159567356109619 0.08715583384037018 0.0 0.9961946606636047 0.0
0.2870643138885498 2.5 7.159567356109619 9.685754776000977e-08 0.0 1.0 0.0
0.2870643138885498 2.5 7.159567356109619 -0.08715564012527466 0.0 0.9961947202682495 0.0
0.2870643138885498 2.5 7.159567356109619 -0.17364805936813354 0.0 0.9848077893257141 0.0
