0.0 0.0 -0.25 1.0 0.0 0.0 0.0
0.0 0.0 -0.25 0.9961947202682495 0.0 -0.08715573698282242 0.0
0.0 0.0 -0.25 0.9848077893257141 0.0 -0.1736481636762619 0.0
0.0 0.0 -0.25 0.9659258723258972 0.0 -0.258819043636322 0.0
0.125 0.0 -0.46650636196136475 0.9659258723258972 0.0 -0.258819043636322 0.0
0.125 0.0 -0.46650636196136475 0.9396926760673523 0.0 -0.3420201539993286 0.0
0.125 0.0 -0.46650636196136475 0.9063078761100769 0.0 -0.4226182699203491 0.0
0.125 0.0 -0.46650636196136475 0.8660253882408142 0.0 -0.4999999403953552 0.0
0.34150630235671997 0.0 -0.5915063619613647 0.8660253882408142 0.0 -0.4999999403953552 0.0
0.5580126047134399 0.0 -0.7165063619613647 0.8660253882408142 0.0 -0.4999999403953552 0.0
0.7745189070701599 0.0 -0.8415063619613647 0.8660253882408142 0.0 -0.4999999403953552 0.0
0.7745189070701599 0.0 -0.8415063619613647 0.8191521167755127 0.0 -0.5735764503479004 0.0
1.0094420909881592 0.0 -0.9270113706588745 0.8191521167755127 0.0 -0.5735764503479004 0.0
1.2443652153015137 0.0 -1.0125163793563843 0.8191521167755127 0.0 -0.5735764503479004 0.0
1.4792883396148682 0.0 -1.098021388053894 0.8191521167755127 0.0 -0.5735764503479004 0.0
1.4792883396148682 0.0 -1.098021388053894 0.8660253882408142 0.0 -0.5 0.0
1.695794701576233 0.0 -1.223021388053894 0.8660253882408142 0.0 -0.5 0.0
1.695794701576233 0.0 -1.223021388053894 0.9063078165054321 0.0 -0.4226182997226715 0.0
1.695794701576233 0.0 -1.223021388053894 0.9396926164627075 0.0 -0.342020183801651 0.0
1.695794701576233 0.0 -1.223021388053894 0.9659258127212524 0.0 -0.2588190734386444 0.0
1.820794701576233 0.0 -1.4395277500152588 0.9659258127212524 0.0 -0.2588190734386444 0.0
1.945794701576233 0.0 -1.6560341119766235 0.9659258127212524 0.0 -0.2588190734386444 0.0
2.0707948207855225 0.0 -1.8725404739379883 0.9659258127212524 0.0 -0.2588190734386444 0.0
2.0707948207855225 0.0 -1.8725404739379883 0.9396926164627075 0.0 -0.3420201539993286 0.0
2.0707948207855225 0.0 -1.8725404739379883 0.9063078165054321 0.0 -0.4226182699203491 0.0
2.262305974960327 0.0 -2.0332374572753906 0.9063078165054321 0.0 -0.4226182699203491 0.0
2.262305974960327 0.0 -2.0332374572753906 0.866025447845459 0.0 -0.5 0.0
2.262305974960327 0.0 -2.0332374572753906 0.8191521167755127 0.0 -0.5735764503479004 0.0
2.262305974960327 0.0 -2.0332374572753906 0.7660444378852844 0.0 -0.6427875757217407 0.0
2.262305974960327 0.0 -2.0332374572753906 0.7071068286895752 0.0 -0.7071068286895752 0.0
2.512305974960327 0.0 -2.0332374572753906 0.7071068286895752 0.0 -0.7071068286895752 0.0
2.512305974960327 0.0 -2.0332374572753906 0.6427876353263855 0.0 -0.7660443782806396 0.0
2.512305974960327 0.0 -2.0332374572753906 0.5735764503479004 0.0 -0.8191519975662231 0.0
2.512305974960327 0.0 -2.0332374572753906 0.5000000596046448 0.0 -0.8660253882408142 0.0
2.7288124561309814 0.0 -1.9082374572753906 0.5000000596046448 0.0 -0.8660253882408142 0.0
2.7288124561309814 0.0 -1.9082374572753906 0.4226183295249939 0.0 -0.9063077569007874 0.0
2.7288124561309814 0.0 -1.9082374572753906 0.3420202136039734 0.0 -0.9396926164627075 0.0
2.889509439468384 0.0 -1.716726303100586 0.3420202136039734 0.0 -0.9396926164627075 0.0
3.050206422805786 0.0 -1.5252151489257812 0.3420202136039734 0.0 -0.9396926164627075 0.0
3.2109034061431885 0.0 -1.3337039947509766 0.3420202136039734 0.0 -0.9396926164627075 0.0
3.371600389480591 0.0 -1.1421928405761719 0.3420202136039734 0.0 -0.9396926164627075 0.0
3.371600389480591 0.0 -1.1421928405761719 0.2588191032409668 0.0 -0.9659258127212524 0.0
3.496600389480591 0.0 -0.9256864786148071 0.2588191032409668 0.0 -0.9659258127212524 0.0
3.496600389480591 0.0 -0.9256864786148071 0.17364826798439026 0.0 -0.9848077893257141 0.0
3.496600389480591 0.0 -0.9256864786148071 0.08715583384037018 0.0 -0.9961946606636047 0.0
3.496600389480591 0.0 -0.9256864786148071 9.685754776000977e-08 0.0 -1.0 0.0
3.496600389480591 0.0 -0.6756864786148071 9.685754776000977e-08 0.0 -1.0 0.0
3.496600389480591 0.0 -0.6756864786148071 -0.08715564012527466 0.0 -0.9961947202682495 0.0
3.453188419342041 0.0 -0.4294845163822174 -0.08715564012527466 0.0 -0.9961947202682495 0.0
3.453188419342041 0.0 -0.4294845163822174 9.685754776000977e-08 0.0 -1.0 0.0
3.453188419342041 0.0 -0.1794845163822174 9.685754776000977e-08 0.0 -1.0 0.0
3.453188419342041 0.0 -0.1794845163822174 0.08715583384037018 0.0 -0.9961947202682495 0.0
3.49660062789917 0.0 0.06671744585037231 0.08715583384037018 0.0 -0.9961947202682495 0.0
3.540012836456299 0.0 0.31291940808296204 0.08715583384037018 0.0 -0.9961947202682495 0.0
3.5834250450134277 0.0 0.5591213703155518 0.08715583384037018 0.0 -0.9961947202682495 0.0
3.5834250450134277 0.0 0.5591213703155518 0.17364826798439026 0.0 -0.9848077893257141 0.0
3.5834250450134277 0.0 0.5591213703155518 0.2588191330432892 0.0 -0.9659258723258972 0.0
3.7084250450134277 0.0 0.7756277322769165 0.2588191330432892 0.0 -0.9659258723258972 0.0
3.7084250450134277 0.0 0.7756277322769165 0.3420202434062958 0.0 -0.9396926760673523 0.0
3.7084250450134277 0.0 0.7756277322769165 0.4226182997226715 0.0 -0.9063077569007874 0.0
3.8999361991882324 0.0 0.9363245964050293 0.4226182997226715 0.0 -0.9063077569007874 0.0
3.8999361991882324 0.0 0.9363245964050293 0.342020183801651 0.0 -0.9396926164627075 0.0
3.8999361991882324 0.0 0.9363245964050293 0.2588190734386444 0.0 -0.9659258127212524 0.0
4.024936199188232 0.0 1.152830958366394 0.2588190734386444 0.0 -0.9659258127212524 0.0
4.024936199188232 0.0 1.152830958366394 0.17364823818206787 0.0 -0.9848077893257141 0.0
4.024936199188232 0.0 1.152830958366394 0.08715580403804779 0.0 -0.9961946606636047 0.0
4.024936199188232 0.0 1.152830958366394 6.705522537231445e-08 0.0 -1.0 0.0
4.024936199188232 0.0 1.152830958366394 -0.08715566992759705 0.0 -0.9961947202682495 0.0
4.024936199188232 0.0 1.152830958366394 -0.17364808917045593 0.0 -0.9848077893257141 0.0
4.024936199188232 0.0 1.152830958366394 -0.25881895422935486 0.0 -0.9659258723258972 0.0
4.024936199188232 0.0 1.152830958366394 -0.34202006459236145 0.0 -0.9396926760673523 0.0
3.86423921585083 0.0 1.3443421125411987 -0.34202006459236145 0.0 -0.9396926760673523 0.0
3.7035422325134277 0.0 1.5358532667160034 -0.34202006459236145 0.0 -0.9396926760673523 0.0
3.7035422325134277 0.0 1.5358532667160034 -0.42261821031570435 0.0 -0.9063078761100769 0.0
3.512031078338623 0.0 1.6965502500534058 -0.42261821031570435 0.0 -0.9063078761100769 0.0
3.3205199241638184 0.0 1.857247233390808 -0.42261821031570435 0.0 -0.9063078761100769 0.0
3.3205199241638184 0.0 1.857247233390808 -0.34202009439468384 0.0 -0.9396926760673523 0.0
3.3205199241638184 0.0 1.857247233390808 -0.25881901383399963 0.0 -0.9659258723258972 0.0
3.3205199241638184 0.0 1.857247233390808 -0.1736481487751007 0.0 -0.9848077893257141 0.0
3.2350149154663086 0.0 2.092170476913452 -0.1736481487751007 0.0 -0.9848077893257141 0.0
3.2350149154663086 0.0 2.092170476913452 -0.08715572208166122 0.0 -0.9961947798728943 0.0
3.2350149154663086 0.0 2.092170476913452 2.2351740014414645e-08 0.0 -1.0 0.0
3.2350149154663086 0.0 2.092170476913452 0.08715575933456421 0.0 -0.9961947202682495 0.0
3.2784268856048584 0.0 2.3383724689483643 0.08715575933456421 0.0 -0.9961947202682495 0.0
3.321838855743408 0.0 2.5845744609832764 0.08715575933456421 0.0 -0.9961947202682495 0.0
3.365250825881958 0.0 2.8307764530181885 0.08715575933456421 0.0 -0.9961947202682495 0.0
3.365250825881958 0.0 2.8307764530181885 2.2351741790771484e-08 0.0 -1.0 0.0
3.365250825881958 0.0 2.8307764530181885 -0.08715571463108063 0.0 -0.9961947202682495 0.0
3.365250825881958 0.0 2.8307764530181885 -0.1736481487751007 0.0 -0.9848077893257141 0.0
3.365250825881958 0.0 2.8307764530181885 -0.25881901383399963 0.0 -0.9659258723258972 0.0
3.365250825881958 0.0 2.8307764530181885 -0.3420201241970062 0.0 -0.9396926760673523 0.0
3.2045538425445557 0.0 3.022287607192993 -0.3420201241970062 0.0 -0.9396926760673523 0.0
3.2045538425445557 0.0 3.022287607192993 -0.4226182699203491 0.0 -0.9063078761100769 0.0
3.2045538425445557 0.0 3.022287607192993 -0.4999999403953552 0.0 -0.8660253882408142 0.0
2.9880475997924805 0.0 3.147287607192993 -0.4999999403953552 0.0 -0.8660253882408142 0.0
2.7715413570404053 0.0 3.272287607192993 -0.4999999403953552 0.0 -0.8660253882408142 0.0
2.55503511428833 0.0 3.397287607192993 -0.4999999403953552 0.0 -0.8660253882408142 0.0
2.338528871536255 0.0 3.522287607192993 -0.4999999403953552 0.0 -0.8660253882408142 0.0
2.1220226287841797 0.0 3.647287607192993 -0.4999999403953552 0.0 -0.8660253882408142 0.0
1.905516266822815 0.0 3.772287607192993 -0.4999999403953552 0.0 -0.8660253882408142 0.0
1.905516266822815 0.0 3.772287607192993 -0.5735764503479004 0.0 -0.8191521167755127 0.0
1.905516266822815 0.0 3.772287607192993 -0.6427875757217407 0.0 -0.7660444378852844 0.0
1.6593143939971924 0.0 3.815699577331543 -0.6427875757217407 0.0 -0.7660444378852844 0.0
1.4131125211715698 0.0 3.8591115474700928 -0.6427875757217407 0.0 -0.7660444378852844 0.0
1.4131125211715698 0.0 3.8591115474700928 -0.7071068286895752 0.0 -0.7071068286895752 0.0
1.4131125211715698 0.0 3.8591115474700928 -0.7660443782806396 0.0 -0.6427876353263855 0.0
1.4131125211715698 0.0 3.8591115474700928 -0.8191519975662231 0.0 -0.5735764503479004 0.0
1.1781893968582153 0.0 3.773606538772583 -0.8191519975662231 0.0 -0.5735764503479004 0.0
1.1781893968582153 0.0 3.773606538772583 -0.8660253882408142 0.0 -0.5000000596046448 0.0
1.1781893968582153 0.0 3.773606538772583 -0.9063077569007874 0.0 -0.4226183295249939 0.0
1.1781893968582153 0.0 3.773606538772583 -0.9396926164627075 0.0 -0.3420202136039734 0.0
1.1781893968582153 0.0 3.773606538772583 -0.9659258127212524 0.0 -0.2588191032409668 0.0
1.1781893968582153 0.0 3.773606538772583 -0.9848077893257141 0.0 -0.17364826798439026 0.0
1.1781893968582153 0.0 3.773606538772583 -0.9961946606636047 0.0 -0.08715583384037018 0.0
1.1781893968582153 0.0 3.773606538772583 -1.0 0.0 -9.685754776000977e-08 0.0
1.1781893968582153 0.0 3.523606538772583 -1.0 0.0 -9.685754776000977e-08 0.0
1.1781893968582153 0.0 3.273606538772583 -1.0 0.0 -9.685754776000977e-08 0.0
1.1781893968582153 0.0 3.273606538772583 -0.9961947202682495 0.0 -0.08715583384037018 0.0
1.1781893968582153 0.0 3.273606538772583 -0.9848077893257141 0.0 -0.17364826798439026 0.0
1.092684268951416 0.0 3.0386834144592285 -0.9848077893257141 0.0 -0.17364826798439026 0.0
1.092684268951416 0.0 3.0386834144592285 -0.9659258723258972 0.0 -0.2588191330432892 0.0
1.092684268951416 0.0 3.0386834144592285 -0.9396926760673523 0.0 -0.3420202434062958 0.0
0.9319872856140137 0.0 2.847172260284424 -0.9396926760673523 0.0 -0.3420202434062958 0.0
0.9319872856140137 0.0 2.847172260284424 -0.9063077569007874 0.0 -0.4226182997226715 0.0
0.9319872856140137 0.0 2.847172260284424 -0.866025447845459 0.0 -0.5 0.0
0.9319872856140137 0.0 2.847172260284424 -0.8191521167755127 0.0 -0.5735764503479004 0.0
0.6970641016960144 0.0 2.761667251586914 -0.8191521167755127 0.0 -0.5735764503479004 0.0
0.46214091777801514 0.0 2.6761622428894043 -0.8191521167755127 0.0 -0.5735764503479004 0.0
0.22721773386001587 0.0 2.5906572341918945 -0.8191521167755127 0.0 -0.5735764503479004 0.0
-0.0077054500579833984 0.0 2.5051522254943848 -0.8191521167755127 0.0 -0.5735764503479004 0.0
-0.24262863397598267 0.0 2.419647216796875 -0.8191521167755127 0.0 -0.5735764503479004 0.0
-0.47755181789398193 0.0 2.3341422080993652 -0.8191521167755127 0.0 -0.5735764503479004 0.0
-0.47755181789398193 0.0 2.3341422080993652 -0.8660253882408142 0.0 -0.5 0.0
-0.6940581798553467 0.0 2.2091422080993652 -0.8660253882408142 0.0 -0.5 0.0
-0.9105645418167114 0.0 2.0841422080993652 -0.8660253882408142 0.0 -0.5 0.0
-0.9105645418167114 0.0 2.0841422080993652 -0.9063078165054321 0.0 -0.4226182997226715 0.0
-0.9105645418167114 0.0 2.0841422080993652 -0.9396926164627075 0.0 -0.342020183801651 0.0
-1.0712614059448242 0.0 1.8926310539245605 -0.9396926164627075 0.0 -0.342020183801651 0.0
-1.0712614059448242 0.0 1.8926310539245605 -0.9659258127212524 0.0 -0.2588190734386444 0.0
-1.0712614059448242 0.0 1.8926310539245605 -0.9848077893257141 0.0 -0.17364823818206787 0.0
-1.156766414642334 0.0 1.657707929611206 -0.9848077893257141 0.0 -0.17364823818206787 0.0
-1.156766414642334 0.0 1.657707929611206 -0.9961946606636047 0.0 -0.08715580403804779 0.0
-1.156766414642334 0.0 1.657707929611206 -1.0 0.0 -6.705522537231445e-08 0.0
-1.156766414642334 0.0 1.407707929611206 -1.0 0.0 -6.705522537231445e-08 0.0
-1.156766414642334 0.0 1.407707929611206 -0.9961947202682495 0.0 0.08715566992759705 0.0
-1.156766414642334 0.0 1.407707929611206 -0.9848077893257141 0.0 0.17364808917045593 0.0
-1.0712614059448242 0.0 1.1727848052978516 -0.9848077893257141 0.0 0.17364808917045593 0.0
-1.0712614059448242 0.0 1.1727848052978516 -0.9659258723258972 0.0 0.25881895422935486 0.0
-0.946261465549469 0.0 0.9562784433364868 -0.9659258723258972 0.0 0.25881895422935486 0.0
-0.8212615251541138 0.0 0.7397720813751221 -0.9659258723258972 0.0 0.25881895422935486 0.0
-0.6962615847587585 0.0 0.5232657194137573 -0.9659258723258972 0.0 0.25881895422935486 0.0
-0.6962615847587585 0.0 0.5232657194137573 -0.9396926760673523 0.0 0.34202006459236145 0.0
-0.5355647206306458 0.0 0.33175456523895264 -0.9396926760673523 0.0 0.34202006459236145 0.0
-0.37486785650253296 0.0 0.14024342596530914 -0.9396926760673523 0.0 0.34202006459236145 0.0
-0.21417097747325897 0.0 -0.05126771330833435 -0.9396926760673523 0.0 0.34202006459236145 0.0
-0.053474098443984985 0.0 -0.24277885258197784 -0.9396926760673523 0.0 0.34202006459236145 0.0
-0.053474098443984985 0.0 -0.24277885258197784 -0.9063078761100769 0.0 0.42261821031570435 0.0
-0.053474098443984985 0.0 -0.24277885258197784 -0.8660255074501038 0.0 0.4999999403953552 0.0
-0.053474098443984985 0.0 -0.24277885258197784 -0.8191520571708679 0.0 0.5735763311386108 0.0
-0.053474098443984985 0.0 -0.24277885258197784 -0.7660444974899292 0.0 0.642787516117096 0.0
-0.053474098443984985 0.0 -0.24277885258197784 -0.7071068286895752 0.0 0.7071067094802856 0.0
0.19652588665485382 0.0 -0.24277889728546143 -0.7071068286895752 0.0 0.7071067094802856 0.0
0.19652588665485382 0.0 -0.24277889728546143 -0.6427876949310303 0.0 0.7660443782806396 0.0
0.19652588665485382 0.0 -0.24277889728546143 -0.5735765695571899 0.0 0.8191519975662231 0.0
0.19652588665485382 0.0 -0.24277889728546143 -0.5000001192092896 0.0 0.8660252690315247 0.0
0.19652588665485382 0.0 -0.24277889728546143 -0.42261841893196106 0.0 0.9063076972961426 0.0
0.19652588665485382 0.0 -0.24277889728546143 -0.34202030301094055 0.0 0.9396926164627075 0.0
0.19652588665485382 0.0 -0.24277889728546143 -0.25881919264793396 0.0 0.9659258723258972 0.0
0.19652588665485382 0.0 -0.24277889728546143 -0.17364832758903503 0.0 0.9848077893257141 0.0
0.19652588665485382 0.0 -0.24277889728546143 -0.08715589344501495 0.0 0.9961946606636047 0.0
0.19652588665485382 0.0 -0.24277889728546143 -1.564621925354004e-07 0.0 1.0 0.0
0.19652588665485382 0.0 -0.24277889728546143 0.08715558052062988 0.0 0.9961947202682495 0.0
0.19652588665485382 0.0 -0.24277889728546143 0.17364801466464996 0.0 0.9848077893257141 0.0
0.11102093011140823 0.0 -0.007855713367462158 0.17364801466464996 0.0 0.9848077893257141 0.0
0.11102093011140823 0.0 -0.007855713367462158 0.2588188946247101 0.0 0.965925931930542 0.0
0.11102093011140823 0.0 -0.007855713367462158 0.3420200049877167 0.0 0.9396927356719971 0.0
-0.04967593401670456 0.0 0.1836555004119873 0.3420200049877167 0.0 0.9396927356719971 0.0
-0.21037280559539795 0.0 0.37516671419143677 0.3420200049877167 0.0 0.9396927356719971 0.0
-0.37106966972351074 0.0 0.5666779279708862 0.3420200049877167 0.0 0.9396927356719971 0.0
-0.5317665338516235 0.0 0.7581891417503357 0.3420200049877167 0.0 0.9396927356719971 0.0
-0.6924633979797363 0.0 0.9497003555297852 0.3420200049877167 0.0 0.9396927356719971 0.0
-0.8531602621078491 0.0 1.1412115097045898 0.3420200049877167 0.0 0.9396927356719971 0.0
-1.013857126235962 0.0 1.3327226638793945 0.3420200049877167 0.0 0.9396927356719971 0.0
-1.013857126235962 0.0 1.3327226638793945 0.25881892442703247 0.0 0.965925931930542 0.0
-1.138857126235962 0.0 1.5492291450500488 0.25881892442703247 0.0 0.965925931930542 0.0
-1.263857126235962 0.0 1.7657356262207031 0.25881892442703247 0.0 0.965925931930542 0.0
-1.263857126235962 0.0 1.7657356262207031 0.17364805936813354 0.0 0.9848078489303589 0.0
-1.3493621349334717 0.0 2.0006589889526367 0.17364805936813354 0.0 0.9848078489303589 0.0
-1.4348671436309814 0.0 2.2355823516845703 0.17364805936813354 0.0 0.9848078489303589 0.0
-1.5203721523284912 0.0 2.470505714416504 0.17364805936813354 0.0 0.9848078489303589 0.0
-1.5203721523284912 0.0 2.470505714416504 0.08715561777353287 0.0 0.9961947202682495 0.0
-1.563784122467041 0.0 2.716707706451416 0.08715561777353287 0.0 0.9961947202682495 0.0
-1.6071960926055908 0.0 2.962909698486328 0.08715561777353287 0.0 0.9961947202682495 0.0
-1.6506080627441406 0.0 3.2091116905212402 0.08715561777353287 0.0 0.9961947202682495 0.0
-1.6940200328826904 0.0 3.4553136825561523 0.08715561777353287 0.0 0.9961947202682495 0.0
-1.6940200328826904 0.0 3.4553136825561523 -1.1920928955078125e-07 0.0 1.0 0.0
-1.6940200328826904 0.0 3.7053136825561523 -1.1920928955078125e-07 0.0 1.0 0.0
-1.6940200328826904 0.0 3.9553136825561523 -1.1920928955078125e-07 0.0 1.0 0.0
-1.6940200328826904 0.0 4.205313682556152 -1.1920928955078125e-07 0.0 1.0 0.0
-1.6940200328826904 0.0 4.205313682556152 -0.08715585619211197 0.0 0.9961947202682495 0.0
-1.6940200328826904 0.0 4.205313682556152 -0.17364828288555145 0.0 0.9848077893257141 0.0
-1.6940200328826904 0.0 4.205313682556152 -0.2588191628456116 0.0 0.9659258723258972 0.0
-1.5690200328826904 0.0 4.421820163726807 -0.2588191628456116 0.0 0.9659258723258972 0.0
-1.4440200328826904 0.0 4.638326644897461 -0.2588191628456116 0.0 0.9659258723258972 0.0
-1.4440200328826904 0.0 4.638326644897461 -0.3420202434062958 0.0 0.9396925568580627 0.0
-1.4440200328826904 0.0 4.638326644897461 -0.4226183295249939 0.0 0.9063077569007874 0.0
-1.4440200328826904 0.0 4.638326644897461 -0.5000000596046448 0.0 0.866025447845459 0.0
-1.4440200328826904 0.0 4.638326644897461 -0.5735764503479004 0.0 0.8191519975662231 0.0
-1.209096908569336 0.0 4.723831653594971 -0.5735764503479004 0.0 0.8191519975662231 0.0
-0.9741737842559814 0.0 4.8093366622924805 -0.5735764503479004 0.0 0.8191519975662231 0.0
-0.739250659942627 0.0 4.89484167098999 -0.5735764503479004 0.0 0.8191519975662231 0.0
-0.5043275356292725 0.0 4.9803466796875 -0.5735764503479004 0.0 0.8191519975662231 0.0
-0.2694043815135956 0.0 5.06585168838501 -0.5735764503479004 0.0 0.8191519975662231 0.0
-0.0344812273979187 0.0 5.1513566970825195 -0.5735764503479004 0.0 0.8191519975662231 0.0
-0.0344812273979187 0.0 5.1513566970825195 -0.5000000596046448 0.0 0.8660253882408142 0.0
0.18202514946460724 0.0 5.2763566970825195 -0.5000000596046448 0.0 0.8660253882408142 0.0
0.18202514946460724 0.0 5.2763566970825195 -0.4226183295249939 0.0 0.9063077569007874 0.0
0.18202514946460724 0.0 5.2763566970825195 -0.3420202136039734 0.0 0.9396926164627075 0.0
0.18202514946460724 0.0 5.2763566970825195 -0.2588191032409668 0.0 0.9659258127212524 0.0
0.3070251941680908 0.0 5.492863178253174 -0.2588191032409668 0.0 0.9659258127212524 0.0
0.3070251941680908 0.0 5.492863178253174 -0.17364826798439026 0.0 0.9848077893257141 0.0
0.39253026247024536 0.0 5.727786540985107 -0.17364826798439026 0.0 0.9848077893257141 0.0
0.39253026247024536 0.0 5.727786540985107 -0.08715583384037018 0.0 0.9961946606636047 0.0
0.39253026247024536 0.0 5.727786540985107 -9.685754776000977e-08 0.0 1.0 0.0
0.39253032207489014 0.0 5.977786540985107 -9.685754776000977e-08 0.0 1.0 0.0
0.3925303816795349 0.0 6.227786540985107 -9.685754776000977e-08 0.0 1.0 0.0
0.3925303816795349 0.0 6.227786540985107 0.08715564012527466 0.0 0.9961947202682495 0.0
0.3925303816795349 0.0 6.227786540985107 0.17364805936813354 0.0 0.9848077893257141 0.0
0.3925303816795349 0.0 6.227786540985107 0.25881892442703247 0.0 0.9659258723258972 0.0
0.3925303816795349 0.0 6.227786540985107 0.34202003479003906 0.0 0.9396926760673523 0.0
0.23183351755142212 0.0 6.419297695159912 0.34202003479003906 0.0 0.9396926760673523 0.0
0.07113665342330933 0.0 6.610808849334717 0.34202003479003906 0.0 0.9396926760673523 0.0
-0.08956021070480347 0.0 6.8023200035095215 0.34202003479003906 0.0 0.9396926760673523 0.0
-0.25025707483291626 0.0 6.993831157684326 0.34202003479003906 0.0 0.9396926760673523 0.0
-0.41095393896102905 0.0 7.185342311859131 0.34202003479003906 0.0 0.9396926760673523 0.0
-0.5716508030891418 0.0 7.3768534660339355 0.34202003479003906 0.0 0.9396926760673523 0.0
-0.5716508030891418 0.0 7.3768534660339355 0.25881895422935486 0.0 0.9659258723258972 0.0
-0.6966507434844971 0.0 7.59335994720459 0.25881895422935486 0.0 0.9659258723258972 0.0
-0.6966507434844971 0.0 7.59335994720459 0.17364808917045593 0.0 0.9848077893257141 0.0
-0.6966507434844971 0.0 7.59335994720459 0.08715566247701645 0.0 0.9961947798728943 0.0
-0.6966507434844971 0.0 7.59335994720459 -8.195637946073475e-08 0.0 1.0 0.0
-0.6966507434844971 0.0 7.59335994720459 -0.08715581893920898 0.0 0.9961947202682495 0.0
-0.6966507434844971 0.0 7.59335994720459 -0.17364823818206787 0.0 0.9848077893257141 0.0
-0.6111456751823425 0.0 7.828283309936523 -0.17364823818206787 0.0 0.9848077893257141 0.0
-0.6111456751823425 0.0 7.828283309936523 -0.2588191032409668 0.0 0.9659258723258972 0.0
-0.6111456751823425 0.0 7.828283309936523 -0.3420202136039734 0.0 0.9396926760673523 0.0
-0.6111456751823425 0.0 7.828283309936523 -0.4226182699203491 0.0 0.9063077569007874 0.0
-0.6111456751823425 0.0 7.828283309936523 -0.5 0.0 0.866025447845459 0.0
-0.3946393132209778 0.0 7.953283309936523 -0.5 0.0 0.866025447845459 0.0
-0.3946393132209778 0.0 7.953283309936523 -0.5735764503479004 0.0 0.8191521167755127 0.0
-0.3946393132209778 0.0 7.953283309936523 -0.6427875757217407 0.0 0.7660444378852844 0.0
-0.3946393132209778 0.0 7.953283309936523 -0.7071068286895752 0.0 0.7071068286895752 0.0
-0.1446392834186554 0.0 7.953283309936523 -0.7071068286895752 0.0 0.7071068286895752 0.0
0.10536074638366699 0.0 7.953283309936523 -0.7071068286895752 0.0 0.7071068286895752 0.0
0.3553607761859894 0.0 7.953283309936523 -0.7071068286895752 0.0 0.7071068286895752 0.0
0.3553607761859894 0.0 7.953283309936523 -0.7660443782806396 0.0 0.6427876353263855 0.0
0.6015627384185791 0.0 7.9098711013793945 -0.7660443782806396 0.0 0.6427876353263855 0.0
0.8477646708488464 0.0 7.866458892822266 -0.7660443782806396 0.0 0.6427876353263855 0.0
1.0939666032791138 0.0 7.823046684265137 -0.7660443782806396 0.0 0.6427876353263855 0.0
1.3401684761047363 0.0 7.779634475708008 -0.7660443782806396 0.0 0.6427876353263855 0.0
1.5863704681396484 0.0 7.736222267150879 -0.7660443782806396 0.0 0.6427876353263855 0.0
1.5863704681396484 0.0 7.736222267150879 -0.7071067094802856 0.0 0.7071068286895752 0.0
1.8363704681396484 0.0 7.736222267150879 -0.7071067094802856 0.0 0.7071068286895752 0.0
2.0863704681396484 0.0 7.736222267150879 -0.7071067094802856 0.0 0.7071068286895752 0.0
2.3363704681396484 0.0 7.736222267150879 -0.7071067094802856 0.0 0.7071068286895752 0.0
2.3363704681396484 0.0 7.736222267150879 -0.6427875757217407 0.0 0.7660444974899292 0.0
2.5825724601745605 0.0 7.779634475708008 -0.6427875757217407 0.0 0.7660444974899292 0.0
2.8287744522094727 0.0 7.823046684265137 -0.6427875757217407 0.0 0.7660444974899292 0.0
3.0749764442443848 0.0 7.866458892822266 -0.6427875757217407 0.0 0.7660444974899292 0.0
3.321178436279297 0.0 7.9098711013793945 -0.6427875757217407 0.0 0.7660444974899292 0.0
3.567380428314209 0.0 7.953283309936523 -0.6427875757217407 0.0 0.7660444974899292 0.0
3.567380428314209 0.0 7.953283309936523 -0.7071067690849304 0.0 0.7071068286895752 0.0
3.817380428314209 0.0 7.953283309936523 -0.7071067690849304 0.0 0.7071068286895752 0.0
4.067380428314209 0.0 7.953283309936523 -0.7071067690849304 0.0 0.7071068286895752 0.0
4.317380428314209 0.0 7.953283309936523 -0.7071067690849304 0.0 0.7071068286895752 0.0
